-33330.00 -33208.00 33396.00 33320.00
28116.00 -28168.00 924.00 504.00
30096.00 -29176.00 264.00 504.00
30162.00 -28672.00 924.00 504.00
28248.00 -28672.00 528.00 504.00
28710.00 -29176.00 264.00 504.00
28116.00 -29680.00 924.00 504.00
27258.00 -29176.00 792.00 504.00
29106.00 -29680.00 528.00 504.00
28116.00 -29176.00 528.00 504.00
28050.00 -27664.00 792.00 504.00
29040.00 -29176.00 528.00 504.00
27258.00 -28672.00 924.00 504.00
27258.00 -28168.00 792.00 504.00
29568.00 -29176.00 528.00 504.00
29106.00 -28168.00 528.00 504.00
28842.00 -31192.00 924.00 504.00
28908.00 -27160.00 924.00 504.00
28842.00 -30184.00 924.00 504.00
28974.00 -30688.00 792.00 504.00
29634.00 -29680.00 792.00 504.00
30426.00 -29680.00 924.00 504.00
28908.00 -26656.00 924.00 504.00
27984.00 -30184.00 792.00 504.00
27522.00 -29680.00 528.00 504.00
29634.00 -28672.00 528.00 504.00
29832.00 -27664.00 924.00 504.00
29766.00 -30184.00 1056.00 504.00
28908.00 -27664.00 924.00 504.00
29634.00 -28168.00 924.00 504.00
28842.00 -28672.00 792.00 504.00
30360.00 -29176.00 924.00 504.00
